140.907120 178.364182
171.147873 176.069092
201.124466 173.470612
230.563248 170.922836
259.645599 167.328506
288.897064 164.576691
317.940308 162.776245
346.681244 160.499405
136.466568 194.641144
168.081863 191.815186
199.242340 189.092819
229.863739 186.453583
260.275269 182.535004
290.523163 180.049637
320.638123 177.423798
350.563110 175.334961
131.482437 211.383774
164.352493 208.462006
197.092117 205.937500
229.036774 203.121490
260.470673 199.001587
292.207764 196.544556
323.577240 194.174103
354.747986 191.419022
126.329926 230.412201
160.690002 227.589081
194.521164 224.418579
228.151825 221.424026
261.112610 216.863235
294.009033 214.587997
326.764191 211.829117
359.336578 208.831528
120.180664 250.353882
156.403641 248.016373
192.098267 244.590561
226.897125 241.138443
261.411438 236.585190
296.036896 233.884567
330.285919 231.638901
364.308228 227.562057
113.528770 273.259491
151.702713 270.228210
189.078262 266.644623
225.630692 262.449432
262.060181 258.246338
298.195251 255.634445
334.114166 252.666458
369.652344 248.721436
183.716202 178.549637
214.446991 176.432556
244.313858 174.351395
273.271301 172.023178
301.687561 168.858475
329.487946 166.631165
356.754089 165.345123
383.257477 163.571579
186.176834 195.086212
217.645416 192.582565
248.574738 189.775528
278.685333 187.560638
308.192780 183.844604
337.038147 181.714508
365.099823 179.633987
392.532318 177.936417
188.069870 212.171432
221.241272 209.110596
253.359680 206.870438
284.552338 204.011398
315.158173 200.255249
344.953278 198.046219
374.019287 195.868439
402.470673 193.513260
190.506516 231.445053
224.933685 228.598389
258.455383 225.087708
290.813843 222.272995
322.627502 217.729507
353.630310 215.587891
383.716583 213.098785
413.322601 210.247330
193.151733 251.812958
229.143448 248.921692
263.869049 245.464233
297.736542 241.596817
330.805786 237.180252
363.081116 234.361130
394.347687 232.074402
425.058197 228.128677
196.059097 274.458252
233.473953 271.226959
269.938568 267.131256
305.230469 262.708496
339.675079 258.158356
373.225555 255.177765
405.716766 252.156494
437.702637 248.065277
116.848007 200.513443
150.428757 197.048843
182.480057 193.797073
212.937744 190.419754
242.155746 186.422928
270.283112 183.351913
297.080475 181.110229
322.809601 178.524368
122.418098 221.644623
156.858383 217.655319
189.895828 213.538498
221.159866 210.003311
251.201538 205.174835
279.867981 201.854218
307.403442 198.664642
333.799469 196.017288
128.207367 244.010040
163.943665 238.927094
197.724030 234.830658
229.949600 230.402756
260.675995 225.266235
290.176819 221.590866
318.306580 218.219543
345.390411 214.570190
134.483673 268.346344
171.263153 263.159363
206.277924 257.534760
239.235474 252.681351
270.996735 246.576050
301.178101 242.716888
330.046570 238.604752
357.779266 234.393021
141.152466 294.197449
179.234268 288.415955
215.135895 282.330536
249.294876 276.279572
281.820129 269.758545
313.018005 264.968292
342.483795 260.778839
371.157501 255.294067
148.286072 322.547180
187.535919 315.696106
224.777191 308.654968
259.933990 301.580994
293.605286 294.629395
325.503204 289.310242
355.931854 284.085144
385.256256 278.130554
195.502457 172.705597
229.453812 170.120468
261.462708 167.597580
291.412994 164.933792
320.054260 161.522064
347.071350 159.411743
372.360565 158.004868
396.309937 156.236984
208.252701 196.590042
242.861847 193.046249
275.452515 189.447296
306.061676 186.367737
335.220490 182.100800
362.617340 179.449097
388.205566 176.950241
412.558990 174.982407
221.819992 221.493362
257.400543 216.692169
290.507019 212.967072
321.611938 208.815750
351.357941 203.858398
378.905975 200.839462
404.933350 197.992081
429.553101 194.798584
236.475876 248.768570
272.539978 243.574173
306.585693 238.093002
338.332031 233.323273
368.616180 227.338516
396.616516 223.645279
422.793793 219.877518
448.010132 215.939819
252.348053 277.654633
289.199097 271.690826
323.745483 265.405975
356.224640 259.143738
387.039276 252.366669
415.399078 247.652481
441.925232 243.587906
467.661377 238.170227
269.320923 309.566528
306.868591 302.118713
342.344177 294.460419
375.496918 286.694885
406.692505 279.404572
435.453339 273.750153
462.454590 268.439697
488.622711 262.460205
164.785324 244.451462
196.944122 239.863647
227.247040 235.631073
255.698486 231.400421
282.918152 226.634903
308.742279 222.955536
333.077728 220.114731
356.125122 216.925751
175.460052 268.428528
208.189590 262.986511
239.106323 257.648163
268.102509 253.062881
295.860291 247.432358
322.079773 243.286484
346.664124 239.393997
370.121826 235.937271
186.696625 293.463379
220.339066 286.858521
251.632889 281.323883
281.259613 275.589294
309.465942 269.393311
335.905670 264.757477
360.867706 260.412994
384.660278 255.961517
198.747192 320.698151
232.819519 313.551361
265.141754 306.387177
295.130585 300.031708
324.036957 292.733826
350.762695 287.548035
376.129669 282.405212
400.286316 277.113647
211.638626 349.546448
246.486145 341.553284
279.239197 333.478333
310.114319 325.683441
339.351257 317.680878
366.604187 311.520325
392.116028 305.908203
416.862091 299.402435
225.364182 381.188904
260.903748 371.599548
294.503998 362.312744
325.915741 353.207520
355.739014 344.485565
383.331451 337.424164
409.323395 330.637268
434.416107 323.511505
172.425400 205.968506
203.595047 202.764755
232.812439 199.778671
260.010925 196.684097
285.872681 193.122620
310.113861 190.560333
332.624176 188.735016
353.830017 186.684586
185.962418 229.370087
217.540390 225.183105
247.082306 221.070496
274.549194 217.578339
300.675140 213.062088
325.083466 209.963104
347.665344 207.195969
369.159149 204.788513
200.338898 253.537033
232.453842 248.228561
262.110504 243.780807
289.846375 239.259369
316.282135 234.030563
340.585205 230.533340
363.455902 227.261078
384.903931 223.749817
215.521362 279.760834
247.726410 273.821228
278.071167 267.757416
306.045441 262.526520
332.775757 256.317841
357.306580 252.196457
380.110138 248.010513
401.765106 243.695450
231.816101 307.274536
264.367950 300.495575
294.784088 293.553589
323.269257 286.846893
350.150360 279.788483
374.714874 274.675720
397.565582 270.209991
419.618439 264.555786
249.021957 337.171692
281.835388 328.872131
312.720184 320.664246
341.531738 312.596466
368.508240 304.923615
393.138580 298.870026
416.161652 293.219879
438.277313 286.963013
109.082108 251.410767
143.041916 246.460770
174.749741 241.920990
204.193161 237.471313
231.819992 232.607574
257.727692 228.787399
281.825287 225.839844
304.607666 222.681946
120.900101 276.374664
155.445312 270.319031
187.565491 264.561432
217.282440 259.518188
245.365692 253.664398
271.470428 249.368332
295.792145 245.342819
318.736908 241.731720
133.474869 302.336426
168.678726 294.910645
201.058884 288.666504
231.204346 282.499237
259.480316 275.862701
285.731781 270.998169
310.287079 266.400970
333.456512 261.702179
146.731354 330.452026
182.311478 322.265686
215.403244 314.267090
245.726059 307.223816
274.538452 299.448029
300.924683 293.775848
325.670746 288.325470
349.050262 282.700165
160.898544 360.146973
196.924942 350.746765
230.336624 341.623871
261.317688 333.067810
290.348267 324.399780
317.056305 317.622620
341.727112 311.606018
365.575470 304.691864
175.776215 392.328918
212.348038 381.359192
246.330338 370.635956
277.717468 360.536743
307.135559 350.995880
333.854095 343.319427
358.923584 335.906921
382.740356 328.341766
238.811859 191.421707
268.229706 185.410049
296.184296 179.726318
322.447571 174.256073
347.678497 168.293518
371.410736 163.459030
393.725098 159.469620
414.847748 155.275909
254.164734 215.406296
283.938049 208.492065
312.087799 201.769455
338.673431 195.813583
364.079315 188.915619
388.048950 183.644913
410.357819 178.596329
431.759247 174.159210
270.459747 240.315155
300.630127 232.233932
329.024567 225.288010
355.660248 218.234436
381.390991 210.655212
405.125702 204.817871
427.689636 199.397903
449.150116 193.712555
287.582336 266.983429
317.919556 258.422455
346.695068 249.831451
373.653900 242.167450
399.540894 233.570694
423.488586 227.170715
446.016846 220.754654
467.708038 214.431976
305.911469 294.914368
336.451508 285.543732
365.390594 276.101959
392.587769 267.080292
418.672119 257.743713
442.692108 250.354370
465.292938 243.596985
487.360901 235.885422
325.284790 325.108002
355.981049 314.318420
385.200775 303.649506
412.736969 293.345734
438.853699 283.417877
463.024048 275.215332
485.730499 267.272400
507.971832 259.047424
239.858017 209.244293
267.803436 206.258636
294.535645 203.476730
319.535797 200.594620
343.538574 197.170914
366.376251 194.713196
388.196838 193.125443
407.942108 191.145599
253.925049 228.870071
282.560181 225.217422
309.568970 221.555634
335.078979 218.446259
359.368958 214.260544
382.269836 211.478104
403.784210 208.793091
423.885284 206.765121
269.241455 249.424316
298.391724 244.726105
325.737854 241.065338
351.438019 236.968979
376.070587 232.217590
398.913055 229.225052
420.588196 226.312164
441.411499 223.058472
285.454346 271.875671
314.917938 266.861359
342.868256 261.683533
368.972137 257.180420
393.915344 251.486435
417.110809 247.940353
438.754150 244.372955
459.567535 240.540985
303.119904 295.489319
332.959229 290.047150
361.181305 284.085205
387.663605 278.372955
412.892029 272.036957
436.258423 267.654785
458.161713 263.910034
479.393707 258.780151
321.850800 321.594940
352.169769 314.779938
380.827057 307.882721
407.766846 300.900146
433.277191 294.226929
456.742615 289.215881
478.851562 284.312714
500.349365 278.795105
